ln(Z)/N = 1.5147779725526995 (Tensor Network)
ln(Z)/N = 1.6001540298975683 (Monte Carlo)